29
27
21
17
22
18
10
22
18
23
22
17
18
27
23
25
16
27
27
24
21
22
30
22
26
32
32
21
20
23
28
24
23
24
22
32
19
23
20
17
28
20
27
23
24
30
31
26
21
20
18
25
20
19
19
16
24
20
27
32
26
21
23
25
10
26
17
24
18
19
25
26
24
16
21
22
22
21
19
22
21
22
20
26
26
26
22
21
25
20
23
11
29
20
18
23
16
16
33
24
15
26
20
16
21
20
13
18
18
19
26
22
19
16
20
24
25
24
19
21
29
30
19
27
22
20
23
27
18
25
20
28
17
15
20
26
28
31
22
28
27
16
27
27
17
18
21
15
14
21
22
13
17
26
21
31
21
20
31
22
19
21
24
19
16
28
23
22
23
24
31
23
23
29
20
24
19
15
19
25
26
25
23
23
19
14
14
31
26
26
15
18
32
17
26
22
21
20
28
24
19
26
27
23
22
18
17
16
23
22
30
21
29
23
21
29
25
15
20
16
24
17
21
19
20
29
27
23
19
19
24
11
29
23
26
17
19
24
26
24
24
25
25
23
24
21
25
24
27
27
19
21
17
15
24
23
24
27
21
25
19
23
22
15
29
24
25
21
19
21
28
22
18
14
19
21
28
20
27
26
25
32
20
23
17
17
23
20
26
12
17
26
19
25
18
18
20
38
26
23
21
22
21
18
16
18
22
21
27
26
18
18
26
25
23
24
22
22
24
28
24
24
22
21
21
18
26
26
23
29
20
23
14
17
21
24
21
21
16
16
14
15
27
22
31
12
21
25
24
26
25
27
23
24
17
21
19
21
17
23
24
26
22
14
26
19
16
22
24
20
21
21
18
20
27
32
17
31
19
30
43
18
21
23
17
22
27
20
19
16
24
29
25
40
25
16
22
16
17
22
15
30
21
12
20
23
24
11
17
15
21
22
15
25
24
12
21
20
23
20
24
24
16
22
18
22
15
15
27
23
25
17
23
14
24
14
19
23
21
21
16
14
20
18
16
25
24
18
24
28
15
29
28
19
29
20
22
21
14
24
18
26
15
19
18
24
33
22
19
23
23
11
16
24
23
11
15
13
24
19
18
26
22
29
16
17
24
15
30
20
16
31
22
22
23
19
20
28
23
25
19
23
27
20
27
16
26
25
30
18
19
24
22
26
21
15
16
19
25
27
24
29
25
15
25
20
19
23
19
17
21
18
22
14
27
24
13
24
18
27
18
27
23
23
36
14
18
23
27
21
24
20
18
24
21
26
14
21
21
23
24
25
25
15
18
26
19
23
21
16
27
23
28
26
24
24
27
27
25
13
22
19
19
22
15
20
27
23
26
25
20
21
22
20
22
22
23
22
18
29
20
19
31
11
20
16
11
17
19
24
19
21
19
14
20
20
23
16
20
21
25
25
29
24
18
26
22
18
21
22
17
16
24
24
28
20
23
24
20
20
24
23
21
15
23
20
26
19
20
21
22
17
27
18
26
24
18
22
23
12
22
22
17
16
19
30
18
27
24
22
25
30
29
26
22
18
20
28
18
19
21
30
29
19
15
25
19
26


21
20
29
26
38
30
16
17
10
17


29
24
22
19
22
20
18
22
30
20
20
23


14
21
27
26
22
34
17
18
21
31
18
15
20
15
12
27
19
23
24
18
25
20
17
22
17
27
28
22
15
18
20
28
21
21
22
32
16
18
23
25
22
25
16
26
24
20
20
15
20
20
20
25
22
30
21
17
22
23
16
20
17
19
26
29
26
27
26
26
27
26
24
24
25
19
39
18
12
15
13
20
20
20
18
15
15
10
12
21
20
16
13
20


27
16
22
18
20
18
20
19
25
27
22
22
19
24
22
19
15
21
17
21
40
24
25
25
22
17
11
26
23
22
26
23
19
18
15
14
13
12
14
21
19
20
21
17
18
22
34
21
21
23
23
13
23
25
21
25
19
20
19
22


24
24
23
31
29
24


17
21
20
22
19
17
24
24
27
25
38
23
22
23
20
22
23
23
19
9


25
18
20
16
25
27
25
23


23
21


18
19
18
25
27
23
16
20
20
22
19
22
21
19
19
22
17
16
18
18
23
27
42
25
29
19
21
24


25
19
23
19


18
26
27
21
22
21


17
17
28
23
27
22
38
24
24
16
22
21
16
25
21
17
19
13
15
26
21
20
21
23
21
26
26
27
28
20
23
20
21
18
20
15
24
39
28
28
